40 76
0.0 100.0 100.0
60.0 80.0 100.0
80.0 60.0 100.0
100.0 0.0 100.0
80.0 -60.0 100.0
60.0 -80.0 100.0
0.0 -100.0 100.0
-60.0 -80.0 100.0
-80.0 -60.0 100.0
-100.0 0.0 100.0
-80.0 60.0 100.0
-60.0 80.0 100.0
0.0 0.0 200.0
0.0 60.0 180.0
0.0 80.0 160.0
0.0 100.0 100.0
0.0 80.0 40.0
0.0 60.0 20.0
0.0 0.0 0.0
0.0 -60.0 20.0
0.0 -80.0 40.0
0.0 -100.0 100.0
0.0 -80.0 160.0
0.0 -60.0 180.0
42.42 80.0 142.42000000000002
42.42 80.0 57.58
-42.42 80.0 57.58
-42.42 80.0 142.42000000000002
56.56 -60.0 156.56
56.56 -60.0 43.44
-56.56 -60.0 43.44
-56.56 -60.0 156.56
70.7 0.0 170.7
70.7 0.0 29.299999999999997
-70.7 0.0 29.299999999999997
-70.7 0.0 170.7
56.56 60.0 156.56
56.56 60.0 43.44
-56.56 60.0 43.44
-56.56 60.0 156.56
76 72
72 68
68 61
76 65
65 40
77 73
73 69
69 61
77 65
65 40
79 75
75 71
71 61
79 67
67 40
78 74
74 70
70 61
78 66
66 40
76 53
76 42
77 42
77 57
78 57
78 50
79 50
79 53
40 41
41 42
42 43
43 44
44 45
45 46
46 47
47 48
48 49
49 50
50 51
51 40
52 53
53 54
54 55
55 56
56 57
57 58
58 59
59 60
60 61
61 62
62 63
63 52
64 54
64 41
65 56
65 41
66 56
66 51
67 51
67 54
68 63
68 44
69 44
69 59
70 59
70 48
71 48
71 63
72 52
72 43
73 43
73 58
74 58
74 49
75 49
75 52