40 76
0       100     0
60      80      0
80      60      0
100     0       0
80      -60     0
60      -80     0
0       -100    0
-60     -80     0
-80     -60     0
-100    0       0
-80     60      0
-60     80      0
0       0       100
0       60      80
0       80      60
0       100     0
0       80      -60
0       60      -80
0       0       -100
0       -60     -80
0       -80     -60
0       -100    0
0       -80     60
0       -60     80
42.42   80      42.42
42.42   80       -42.42
-42.42   80       -42.42
-42.42   80       42.42
56.56   -60      56.56
56.56   -60      -56.56
-56.56  -60      -56.56
-56.56  -60      56.56
70.7    0       70.7
70.7    0       -70.7
-70.7    0       -70.7
-70.7    0       70.7
56.56   60      56.56
56.56   60      -56.56
-56.56  60      -56.56
-56.56  60      56.56
36 32
32 28
28 21
36 25
25 0
37 33
33 29
29 21
37 25
25 0
39 35
35 31
31 21
39 27
27 0
38 34
34 30
30 21
38 26
26 0
36 13
36 2
37 2
37 17
38 17
38 10
39 10
39 13
0 1
1 2
2 3
3 4
4 5
5 6
6 7
7 8
8 9
9 10
10 11
11 0
12 13
13 14
14 15
15 16
16 17
17 18
18 19
19 20
20 21
21 22
22 23
23 12
24 14
24 1
25 16
25 1
26 16
26 11
27 11
27 14
28 23
28 4
29 4
29 19
30 19
30 8
31 8
31 23
32 12
32 3
33 3
33 18
34 18
34 9
35 9
35 12