24 36
0     200  100
60    200  80
80    200  60
100   200  0
80    200  -60
60    200  -80
0     200  -100
-60   200  -80
-80   200  -60
-100  200  0
-80   200  60
-60   200  80
0     -200  100
60    -200  80
80    -200  60
100   -200  0
80    -200  -60
60    -200  -80
0     -200  -100
-60   -200  -80
-80   -200  -60
-100  -200  0
-80   -200  60
-60   -200  80
0 1
1 2
2 3
3 4
4 5
5 6
6 7
7 8
8 9
9 10
10 11
11 0
12 13
13 14
14 15
15 16
16 17
17 18
18 19
19 20
20 21
21 22
22 23
23 12
0 12
1 13
2 14
3 15
4 16
5 17
6 18
7 19
8 20
9 21
10 22
11 23
12 24
