104 188
0.0 100.0 100.0
60.0 80.0 100.0
80.0 60.0 100.0
100.0 0.0 100.0
80.0 -60.0 100.0
60.0 -80.0 100.0
0.0 -100.0 100.0
-60.0 -80.0 100.0
-80.0 -60.0 100.0
-100.0 0.0 100.0
-80.0 60.0 100.0
-60.0 80.0 100.0
0.0 0.0 200.0
0.0 60.0 180.0
0.0 80.0 160.0
0.0 100.0 100.0
0.0 80.0 40.0
0.0 60.0 20.0
0.0 0.0 0.0
0.0 -60.0 20.0
0.0 -80.0 40.0
0.0 -100.0 100.0
0.0 -80.0 160.0
0.0 -60.0 180.0
42.42 80.0 142.42000000000002
42.42 80.0 57.58
-42.42 80.0 57.58
-42.42 80.0 142.42000000000002
56.56 -60.0 156.56
56.56 -60.0 43.44
-56.56 -60.0 43.44
-56.56 -60.0 156.56
70.7 0.0 170.7
70.7 0.0 29.299999999999997
-70.7 0.0 29.299999999999997
-70.7 0.0 170.7
56.56 60.0 156.56
56.56 60.0 43.44
-56.56 60.0 43.44
-56.56 60.0 156.56
0.0 100.0 -100.0
60.0 80.0 -100.0
80.0 60.0 -100.0
100.0 0.0 -100.0
80.0 -60.0 -100.0
60.0 -80.0 -100.0
0.0 -100.0 -100.0
-60.0 -80.0 -100.0
-80.0 -60.0 -100.0
-100.0 0.0 -100.0
-80.0 60.0 -100.0
-60.0 80.0 -100.0
0.0 0.0 0.0
0.0 60.0 -20.0
0.0 80.0 -40.0
0.0 100.0 -100.0
0.0 80.0 -160.0
0.0 60.0 -180.0
0.0 0.0 -200.0
0.0 -60.0 -180.0
0.0 -80.0 -160.0
0.0 -100.0 -100.0
0.0 -80.0 -40.0
0.0 -60.0 -20.0
42.42 80.0 -57.58
42.42 80.0 -142.42000000000002
-42.42 80.0 -142.42000000000002
-42.42 80.0 -57.58
56.56 -60.0 -43.44
56.56 -60.0 -156.56
-56.56 -60.0 -156.56
-56.56 -60.0 -43.44
70.7 0.0 -29.299999999999997
70.7 0.0 -170.7
-70.7 0.0 -170.7
-70.7 0.0 -29.299999999999997
56.56 60.0 -43.44
56.56 60.0 -156.56
-56.56 60.0 -156.56
-56.56 60.0 -43.44
0     400  100
60    400  80
80    400  60
100   400  0
80    400  -60
60    400  -80
0     400  -100
-60   400  -80
-80   400  -60
-100  400  0
-80   400  60
-60   400  80
0     0    100
60    0    80
80    0    60
100   0    0
80    0    -60
60    0    -80
0     0    -100
-60   0    -80
-80   0    -60
-100  0    0
-80   0    60
-60   0    80
36 32
32 28
28 21
36 25
25 0
37 33
33 29
29 21
37 25
25 0
39 35
35 31
31 21
39 27
27 0
38 34
34 30
30 21
38 26
26 0
36 13
36 2
37 2
37 17
38 17
38 10
39 10
39 13
0 1
1 2
2 3
3 4
4 5
5 6
6 7
7 8
8 9
9 10
10 11
11 0
12 13
13 14
14 15
15 16
16 17
17 18
18 19
19 20
20 21
21 22
22 23
23 12
24 14
24 1
25 16
25 1
26 16
26 11
27 11
27 14
28 23
28 4
29 4
29 19
30 19
30 8
31 8
31 23
32 12
32 3
33 3
33 18
34 18
34 9
35 9
35 12
76 72
72 68
68 61
76 65
65 40
77 73
73 69
69 61
77 65
65 40
79 75
75 71
71 61
79 67
67 40
78 74
74 70
70 61
78 66
66 40
76 53
76 42
77 42
77 57
78 57
78 50
79 50
79 53
40 41
41 42
42 43
43 44
44 45
45 46
46 47
47 48
48 49
49 50
50 51
51 40
52 53
53 54
54 55
55 56
56 57
57 58
58 59
59 60
60 61
61 62
62 63
63 52
64 54
64 41
65 56
65 41
66 56
66 51
67 51
67 54
68 63
68 44
69 44
69 59
70 59
70 48
71 48
71 63
72 52
72 43
73 43
73 58
74 58
74 49
75 49
75 52
80 81
81 82
82 83
83 84
84 85
85 86
86 87
87 88
88 89
89 90
90 91
91 80
92 93
93 94
94 95
95 96
96 97
97 98
98 99
99 100
100 101
101 102
102 103
103 92
80 92
81 93
82 94
83 95
84 96
85 97
86 98
87 99
88 100
89 101
90 102
91 103
92 104
